#include <iostream>
#include <string>
using namespace std;

 int main()
{
// Declare a 10x10 array
const int numRows = 10;
const int numCols = 10;
int product[numRows][numCols] = { 0 };

// Calculate the multiplication table
{for (int row = 0; row < numRows; ++row) {
  for (int col = 0; col < numCols; ++col) {
    product[row][col] = row * col;
  }
}
}
// Store the product in each cell

// Print the multiplication table to the console
{for (int row = 1; row < numRows; ++row) {
  for (int col = 1; col < numCols; ++col) {
    std::cout << product[row][col] << "\t";
  }
  std::cout << std::endl;
}}}
/*OUTPUT1	2	3	4	5	6	7	8	9	
2	4	6	8	10	12	14	16	18	
3	6	9	12	15	18	21	24	27	
4	8	12	16	20	24	28	32	36	
5	10	15	20	25	30	35	40	45	
6	12	18	24	30	36	42	48	54	
7	14	21	28	35	42	49	56	63	
8	16	24	32	40	48	56	64	72	
9	18	27	36	45	54	63	72	81	*/
